CID
9161
7904
8758
7855
7847
9570071
12310947
5359268
222
222
5354495
5359596
2256
5355457
2314
9153
9158
5460467
727
727
727
8115
5462311
15531
23973
2566
30773
8078
23994
24526
7964
5360545
313
23978
2879
29131
3017
7839
3030
39985
10943
11
10900
8449
6573
11245
11243
31222
11443
7771
8461
3120
7944
12309460
12309460
3224
5352426
7501
7500
996
996
24524
9154
28179
28179
28179
4790
3496
15559699
8370
727
23925
9131
3028194
4004
23930
23931
4130
4169
30479
1118
935
3030
39985
11
15938
38037
36231
11855
31423
23954
5352425
6326970
5216
402
5359464
5392
25670
31373
1140
5284469
5543
13
27582
4169
7929

